baseline	0.1780	0.0990	0.0940	0.0880
scalaOOO	1.0220	0.1380	0.1220	0.1140
scalacCake	1.0520	0.3050	0.2640	0.2520